0000_00532_b.jpg 1 145 73 72 62
0000_02187_b.jpg 1 175 116 83 78
0000_05696_b.jpg 1 190 23 83 71
0000_06886_b.jpg 1 154 79 85 76
0000_08244_b.jpg 1 181 75 79 70
0001_05318_b.jpg 1 174 52 71 61
0002_02183_b.jpg 1 212 158 70 53
0002_02554_b.jpg 1 204 145 88 79
0003_02063_b.jpg 1 154 132 82 66
0003_07398_b.jpg 1 206 198 75 61
0004_06801_b.jpg 1 132 215 80 64
0005_00490_b.jpg 1 152 38 78 66
0005_00512_b.jpg 1 205 155 78 63
0005_02171_b.jpg 1 154 113 78 63
0006_05286_b.jpg 1 190 145 86 77
0006_06035_b.jpg 1 203 129 81 71
0006_06797_b.jpg 1 213 82 72 65
0007_02188_b.jpg 1 235 153 91 81
0007_05159_b.jpg 1 187 161 83 71
0009_00490_b.jpg 1 208 103 80 66
0017_00195_b.jpg 1 170 133 79 65
0018_07248_b.jpg 1 238 121 75 66
0019_01137_b.jpg 1 235 136 90 75
0019_02163_b.jpg 1 205 100 79 66
0020_02063_b.jpg 1 152 119 79 61
0020_07156_b.jpg 1 176 148 68 53
0021_06361_b.jpg 1 169 208 72 58
0022_01753_b.jpg 1 162 54 73 64
0023_05798_b.jpg 1 238 97 84 80
0025_00457_b.jpg 1 168 106 67 53
0027_06458_b.jpg 1 183 158 77 67
0028_00196_b.jpg 1 196 136 78 69
0028_07031_b.jpg 1 202 91 60 53
0028_08102_b.jpg 1 178 79 59 53
0031_07285_b.jpg 1 169 59 86 73
0036_00507_b.jpg 1 167 111 68 58
0038_01762_b.jpg 1 168 65 73 62
0038_08198_b.jpg 1 138 68 82 75
0039_04131_b.jpg 1 178 126 79 65
0039_05169_b.jpg 1 255 62 68 61
0041_00486_b.jpg 1 160 114 89 74
0041_00507_b.jpg 1 238 119 77 63
0041_05679_b.jpg 1 160 116 90 78
0042_01141_b.jpg 1 212 96 77 66
0042_01875_b.jpg 1 289 96 86 79
0043_01757_b.jpg 1 177 107 82 68
0043_01879_b.jpg 1 191 21 88 73
0044_04330_b.jpg 1 163 87 61 51
0045_01558_b.jpg 1 163 94 62 51
0045_01674_b.jpg 1 211 50 78 69
0045_01821_b.jpg 1 207 206 84 75
0046_00961_b.jpg 1 176 146 64 53
0046_01762_b.jpg 1 192 110 80 66
0046_06241_b.jpg 1 172 100 74 68
0046_06635_b.jpg 1 205 101 82 76
0047_00717_b.jpg 1 178 86 60 54
0047_00966_b.jpg 1 194 103 65 52
0047_01152_b.jpg 1 190 197 76 64
0047_01868_b.jpg 1 224 184 75 71
0048_01264_b.jpg 1 197 118 73 66
0049_04098_b.jpg 1 253 113 73 67
0049_04676_b.jpg 1 203 129 82 71
0050_01152_b.jpg 1 198 172 62 53
0051_00959_b.jpg 1 178 121 76 65
0051_01757_b.jpg 1 180 123 86 74
0052_05252_b.jpg 1 171 165 61 50
0053_01877_b.jpg 1 184 45 83 72
0053_04375_b.jpg 1 201 96 73 64
0054_04076_b.jpg 1 163 49 70 64
0054_05482_b.jpg 1 226 112 89 79
0054_06642_b.jpg 1 234 66 72 63
0056_05671_b.jpg 1 204 159 79 70
0057_04356_b.jpg 1 150 96 72 58
0057_05184_b.jpg 1 178 97 75 62
0057_06324_b.jpg 1 164 63 70 60
0058_00594_b.jpg 1 180 129 81 66
0058_05613_b.jpg 1 224 86 61 53
0059_04445_b.jpg 1 148 170 72 55
0059_04971_b.jpg 1 178 171 77 65
0059_06835_b.jpg 1 164 139 83 68
0100_00168_b.jpg 1 205 127 61 48
0100_00252_b.jpg 1 213 165 73 61
0101_00088_b.jpg 1 154 56 82 70
0101_01391_b.jpg 1 135 51 90 79
0101_07107_b.jpg 1 193 81 75 67
0102_00398_b.jpg 1 204 122 88 80
0102_07105_b.jpg 1 178 45 79 69
0102_07390_b.jpg 1 152 31 83 73
0103_01261_b.jpg 1 177 97 64 52
0103_06841_b.jpg 1 158 198 75 62
0104_00171_b.jpg 1 175 129 79 63
0104_08083_b.jpg 1 260 157 90 79
0105_01594_b.jpg 1 145 138 90 75
0106_00586_b.jpg 1 211 149 86 73
0106_08292_b.jpg 1 254 83 84 80
0107_00252_b.jpg 1 166 173 84 70
0108_00929_b.jpg 1 223 58 77 66
0108_00973_b.jpg 1 204 115 79 68
0108_05849_b.jpg 1 188 104 70 64
0109_01594_b.jpg 1 192 190 88 80
0109_02232_b.jpg 1 156 56 74 63
0109_04995_b.jpg 1 181 103 77 66
0110_04515_b.jpg 1 160 116 86 76
0111_01678_b.jpg 1 166 109 64 57
0111_05692_b.jpg 1 267 123 83 79
0112_00522_b.jpg 1 154 106 86 71
0112_01081_b.jpg 1 219 129 86 81
0112_01913_b.jpg 1 177 135 60 51
0112_05816_b.jpg 1 171 136 68 57
0114_00442_b.jpg 1 157 113 85 71
0114_05537_b.jpg 1 166 74 73 61
0114_05671_b.jpg 1 220 95 61 53
0115_01636_b.jpg 1 133 108 82 78
0115_01853_b.jpg 1 217 101 60 52
0115_01928_b.jpg 1 172 77 80 66
0115_06646_b.jpg 1 169 42 73 63
0116_02019_b.jpg 1 101 100 71 61
0116_04019_b.jpg 1 238 227 71 60
0116_04147_b.jpg 1 178 144 74 62
0117_00060_b.jpg 1 193 71 71 64
0117_00091_b.jpg 1 218 109 76 69
0118_00095_b.jpg 1 182 119 75 64
0118_00942_b.jpg 1 169 115 77 67
0118_01998_b.jpg 1 194 114 86 75
0118_07169_b.jpg 1 128 51 70 58
0118_08084_b.jpg 1 195 89 77 67
0119_00145_b.jpg 1 175 145 77 66
0119_01947_b.jpg 1 159 134 80 66
0119_02246_b.jpg 1 175 123 83 74
0120_04228_b.jpg 1 182 157 64 53
0120_04673_b.jpg 1 201 77 60 51
0120_06890_b.jpg 1 163 146 63 56
0120_07193_b.jpg 1 172 55 80 70
0120_08370_b.jpg 1 194 166 76 67
0121_00375_b.jpg 1 123 2 84 71
0121_00503_b.jpg 1 182 146 81 68
0121_00820_b.jpg 1 134 171 81 68
0121_00920_b.jpg 1 232 110 78 70
0121_02555_b.jpg 1 184 120 81 71
0121_06796_b.jpg 1 146 112 77 65
0122_00091_b.jpg 1 188 100 73 60
0122_05233_b.jpg 1 168 95 73 61
0122_07108_b.jpg 1 168 141 90 77
0123_00918_b.jpg 1 172 128 77 64
0123_04299_b.jpg 1 152 69 87 79
0123_05055_b.jpg 1 156 151 76 64
0123_05664_b.jpg 1 186 94 64 54
0123_06125_b.jpg 1 161 109 74 64
0124_00307_b.jpg 1 133 120 74 61
0124_00323_b.jpg 1 204 174 63 54
0124_00779_b.jpg 1 205 147 93 78
0124_00806_b.jpg 1 130 138 90 73
0124_00942_b.jpg 1 221 110 64 52
0124_04443_b.jpg 1 224 95 70 62
0124_04666_b.jpg 1 188 109 84 76
0124_06343_b.jpg 1 161 64 73 63
0125_00375_b.jpg 1 166 41 76 69
0125_01920_b.jpg 1 149 126 58 48
0125_02237_b.jpg 1 192 125 84 71
0125_02242_b.jpg 1 207 165 77 64
0125_04420_b.jpg 1 206 134 70 59
0125_05869_b.jpg 1 186 104 63 53
0125_06196_b.jpg 1 215 152 86 76
0126_00061_b.jpg 1 192 125 72 61
0126_00136_b.jpg 1 208 148 81 67
0126_00940_b.jpg 1 189 98 73 65
0126_04109_b.jpg 1 227 148 75 63
0126_05624_b.jpg 1 182 119 75 63
0127_01738_b.jpg 1 174 122 76 67
0127_04803_b.jpg 1 180 148 82 72
0128_01676_b.jpg 1 165 157 80 69
0128_07208_b.jpg 1 183 50 73 61
0129_00806_b.jpg 1 114 83 77 67
0129_00819_b.jpg 1 221 129 76 67
0129_06028_b.jpg 1 192 107 62 54
0130_00538_b.jpg 1 124 157 64 51
0130_00760_b.jpg 1 206 117 64 55
0130_00833_b.jpg 1 176 159 64 55
0130_01078_b.jpg 1 201 133 85 71
0130_05460_b.jpg 1 196 162 80 67
0131_00223_b.jpg 1 212 81 78 70
0131_00329_b.jpg 1 161 90 70 60
0131_00436_b.jpg 1 279 125 72 64
0131_00635_b.jpg 1 173 156 81 67
0131_00660_b.jpg 1 107 165 77 63
0131_00733_b.jpg 1 150 192 74 62
0131_00774_b.jpg 1 171 119 63 53
0131_00942_b.jpg 1 262 119 75 68
0131_00954_b.jpg 1 142 97 77 66
0131_02584_b.jpg 1 271 200 75 64
0131_07186_b.jpg 1 153 86 80 71
0132_05835_b.jpg 1 231 95 82 71
0132_06084_b.jpg 1 202 200 68 59
0132_08092_b.jpg 1 166 154 80 70
0133_01915_b.jpg 1 184 120 74 64
0133_02013_b.jpg 1 201 70 83 68
0133_02544_b.jpg 1 183 138 64 53
0133_04344_b.jpg 1 246 112 74 64
0133_05630_b.jpg 1 217 103 72 65
0133_05979_b.jpg 1 182 105 84 70
0134_00217_b.jpg 1 215 81 61 53
0134_05469_b.jpg 1 153 42 69 63
0134_05943_b.jpg 1 177 69 76 63
0135_00957_b.jpg 1 191 118 77 66
0135_01754_b.jpg 1 159 136 79 67
0135_03054_b.jpg 1 149 110 71 60
0135_08228_b.jpg 1 228 100 73 64
0136_00205_b.jpg 1 180 98 61 51
0136_00507_b.jpg 1 189 116 74 63
0136_00659_b.jpg 1 192 103 78 68
0136_01022_b.jpg 1 229 146 93 82
0136_02503_b.jpg 1 219 131 84 73
0136_02545_b.jpg 1 255 122 89 76
0136_07165_b.jpg 1 188 116 76 66
0137_00194_b.jpg 1 179 76 84 73
0137_01124_b.jpg 1 272 141 78 66
0137_01848_b.jpg 1 173 74 84 73
0137_01947_b.jpg 1 165 43 80 69
0137_05575_b.jpg 1 191 157 78 67
0137_06221_b.jpg 1 197 125 61 51
0137_06297_b.jpg 1 193 50 71 61
0137_06846_b.jpg 1 188 128 80 66
0137_08135_b.jpg 1 135 139 77 65
0138_00196_b.jpg 1 201 132 87 73
0138_00331_b.jpg 1 188 178 80 66
0138_01676_b.jpg 1 156 157 86 75
0138_04418_b.jpg 1 260 165 71 60
0138_04577_b.jpg 1 163 149 82 69
0138_04710_b.jpg 1 183 102 84 71
0138_05001_b.jpg 1 173 113 87 76
0138_05250_b.jpg 1 248 81 78 66
0139_00214_b.jpg 1 223 110 61 54
0139_01915_b.jpg 1 186 60 71 60
0139_05267_b.jpg 1 182 144 65 53
0139_05725_b.jpg 1 195 145 76 66
0139_07305_b.jpg 1 258 97 80 70
0139_08121_b.jpg 1 171 45 73 63
0140_02522_b.jpg 1 166 115 79 70
0140_02608_b.jpg 1 206 135 90 80
0140_04869_b.jpg 1 179 118 78 66
0140_06114_b.jpg 1 156 63 76 65
0140_07349_b.jpg 1 251 93 71 62
0141_00373_b.jpg 1 198 94 78 68
0141_00718_b.jpg 1 138 71 80 71
0141_04084_b.jpg 1 204 15 82 69
0142_00769_b.jpg 1 179 109 86 73
0142_01632_b.jpg 1 147 146 85 70
0142_01919_b.jpg 1 181 119 76 69
0142_02613_b.jpg 1 213 83 62 51
0142_06535_b.jpg 1 203 67 67 60
0143_01360_b.jpg 1 159 134 78 68
0143_01861_b.jpg 1 195 102 58 53
0143_02523_b.jpg 1 135 74 73 62
0143_02624_b.jpg 1 167 139 83 71
0143_04794_b.jpg 1 230 159 68 61
0143_05783_b.jpg 1 169 137 84 75
0143_06806_b.jpg 1 222 118 83 73
0144_00471_b.jpg 1 149 90 74 66
0144_02007_b.jpg 1 112 138 79 66
0144_02600_b.jpg 1 242 191 73 62
0144_02616_b.jpg 1 175 114 72 66
0144_04987_b.jpg 1 160 77 78 69
0144_08012_b.jpg 1 188 106 73 62
0145_00462_b.jpg 1 170 96 78 70
0145_00573_b.jpg 1 178 100 75 62
0145_02546_b.jpg 1 172 72 73 66
0145_04181_b.jpg 1 172 64 81 71
0146_04190_b.jpg 1 232 57 68 64
0146_05460_b.jpg 1 193 73 73 63
0146_06245_b.jpg 1 145 108 80 64
0146_06747_b.jpg 1 171 47 78 68
0147_00127_b.jpg 1 166 136 88 78
0147_00208_b.jpg 1 182 168 81 69
0147_00438_b.jpg 1 144 162 83 71
0147_02236_b.jpg 1 254 151 75 65
0147_02536_b.jpg 1 155 92 75 61
0147_04452_b.jpg 1 226 103 80 73
0147_06999_b.jpg 1 204 70 71 63
0147_08012_b.jpg 1 209 102 82 71
0148_00001_b.jpg 1 185 97 74 63
0148_00310_b.jpg 1 189 71 73 63
0148_02583_b.jpg 1 165 223 81 65
0148_04580_b.jpg 1 145 70 72 66
0148_07249_b.jpg 1 188 71 82 70
0149_04489_b.jpg 1 203 75 71 62
0149_04597_b.jpg 1 266 125 87 78
0149_04664_b.jpg 1 127 126 83 70
0149_06587_b.jpg 1 182 114 83 73
0149_08181_b.jpg 1 185 116 70 61
0150_00416_b.jpg 1 214 95 81 71
0150_00460_b.jpg 1 147 88 80 71
0150_01054_b.jpg 1 149 66 82 72
0150_01360_b.jpg 1 171 112 65 56
0150_01377_b.jpg 1 130 79 90 77
0150_01640_b.jpg 1 193 146 80 68
0150_02256_b.jpg 1 193 178 70 57
0150_04096_b.jpg 1 205 150 84 73
0150_05851_b.jpg 1 163 44 71 63
0150_06837_b.jpg 1 228 103 74 64
0150_08257_b.jpg 1 270 89 72 64
0151_00052_b.jpg 1 211 229 76 63
0151_04111_b.jpg 1 208 118 81 71
0151_05192_b.jpg 1 189 123 84 71
0151_07240_b.jpg 1 179 106 70 59
0151_08171_b.jpg 1 191 104 71 65
0151_08249_b.jpg 1 218 127 76 67
0152_00001_b.jpg 1 177 76 73 62
0152_00988_b.jpg 1 167 103 80 69
0152_08092_b.jpg 1 237 168 84 73
0153_00460_b.jpg 1 161 73 74 63
0153_05328_b.jpg 1 245 123 74 63
0153_06070_b.jpg 1 229 120 76 65
0154_00518_b.jpg 1 171 75 70 61
0154_00769_b.jpg 1 183 56 76 64
0154_01990_b.jpg 1 155 35 77 64
0154_02212_b.jpg 1 156 94 77 67
0154_02257_b.jpg 1 147 140 88 77
0155_00047_b.jpg 1 237 60 82 74
0155_01524_b.jpg 1 204 160 84 79
0156_04102_b.jpg 1 160 53 68 59
0156_07336_b.jpg 1 192 149 78 68
0157_00083_b.jpg 1 169 131 74 64
0157_00096_b.jpg 1 198 81 80 70
0157_00906_b.jpg 1 199 194 81 69
0157_01727_b.jpg 1 117 203 85 72
0157_01915_b.jpg 1 166 95 78 69
0158_01702_b.jpg 1 217 113 84 74
0158_06656_b.jpg 1 172 107 65 56
0158_08078_b.jpg 1 192 1 79 69
0159_00418_b.jpg 1 127 76 76 69
0159_02276_b.jpg 1 214 76 86 74
0159_02500_b.jpg 1 191 63 81 72
0159_03023_b.jpg 1 198 58 77 69
0159_04714_b.jpg 1 194 79 80 71
0159_04916_b.jpg 1 156 82 74 64
0159_05256_b.jpg 1 183 135 60 52
0200_04363_b.jpg 1 196 164 73 63
0200_05891_b.jpg 1 179 142 78 72
0200_06533_b.jpg 1 155 109 80 69
0200_08319_b.jpg 1 182 136 81 71
0201_05131_b.jpg 1 188 81 81 70
0201_05320_b.jpg 1 222 71 73 63
0201_06401_b.jpg 1 182 90 71 66
0202_03024_b.jpg 1 215 95 83 72
0202_04129_b.jpg 1 218 141 63 54
0202_04179_b.jpg 1 211 87 81 71
0202_04264_b.jpg 1 159 95 81 73
0202_04589_b.jpg 1 209 94 78 70
0202_04805_b.jpg 1 187 73 79 70
0202_05672_b.jpg 1 194 79 81 74
0203_00419_b.jpg 1 216 139 83 73
0203_00488_b.jpg 1 176 185 81 69
0203_01062_b.jpg 1 213 99 67 58
0204_05256_b.jpg 1 196 140 81 69
0205_00471_b.jpg 1 198 83 84 77
0205_04478_b.jpg 1 183 149 84 76
0207_00521_b.jpg 1 198 60 73 67
0207_04411_b.jpg 1 211 141 87 77
0208_01163_b.jpg 1 204 128 78 69
0208_06556_b.jpg 1 197 103 63 56
0209_04828_b.jpg 1 264 144 76 72
0209_05225_b.jpg 1 180 95 77 70
0209_06894_b.jpg 1 158 45 83 77
0209_08290_b.jpg 1 157 57 73 66
0210_04453_b.jpg 1 175 113 77 66
0210_04510_b.jpg 1 184 77 81 71
0210_05414_b.jpg 1 234 141 73 65
0210_06105_b.jpg 1 231 89 81 69
0210_07395_b.jpg 1 203 118 77 67
0210_08114_b.jpg 1 198 112 83 73
0211_00866_b.jpg 1 173 200 82 71
0211_01098_b.jpg 1 233 102 71 66
0211_01448_b.jpg 1 97 200 77 66
0211_07006_b.jpg 1 244 120 77 70
0212_00158_b.jpg 1 158 80 78 68
0212_01946_b.jpg 1 206 109 81 71
0212_06671_b.jpg 1 209 100 83 73
0212_07303_b.jpg 1 179 109 73 65
0213_00318_b.jpg 1 189 119 81 71
0213_01426_b.jpg 1 185 80 75 70
0213_02212_b.jpg 1 137 149 88 77
0213_02232_b.jpg 1 135 89 79 67
0214_04674_b.jpg 1 163 80 83 74
0214_05762_b.jpg 1 186 102 80 70
0214_06062_b.jpg 1 173 188 63 51
0215_01946_b.jpg 1 173 128 78 73
0215_04767_b.jpg 1 192 120 62 55
0215_04770_b.jpg 1 240 59 83 75
0215_05885_b.jpg 1 182 63 81 77
0215_06112_b.jpg 1 130 66 83 71
0216_04264_b.jpg 1 163 61 71 63
0216_04997_b.jpg 1 188 21 83 67
0217_00819_b.jpg 1 202 145 77 69
0217_04676_b.jpg 1 192 71 74 67
0217_05420_b.jpg 1 163 123 88 79
0217_05820_b.jpg 1 150 197 81 70
0218_00868_b.jpg 1 176 142 84 74
0218_01944_b.jpg 1 42 124 78 69
0218_06096_b.jpg 1 160 45 74 63
0219_01300_b.jpg 1 202 102 87 76
0219_02124_b.jpg 1 150 57 72 63
0219_02212_b.jpg 1 163 109 64 55
0219_05090_b.jpg 1 172 4 77 70
0219_05548_b.jpg 1 281 63 84 76
0219_05824_b.jpg 1 165 67 73 67
0220_05177_b.jpg 1 160 54 74 64
0220_06737_b.jpg 1 173 170 91 80
0220_06743_b.jpg 1 160 136 81 72
0220_06927_b.jpg 1 158 54 73 63
0220_08036_b.jpg 1 168 109 73 64
0221_01394_b.jpg 1 176 86 80 74
0221_02231_b.jpg 1 168 79 74 66
0221_05348_b.jpg 1 196 62 81 71
0221_06536_b.jpg 1 209 130 83 75
0221_08150_b.jpg 1 189 171 79 70
0222_00578_b.jpg 1 214 100 79 71
0222_01280_b.jpg 1 193 170 83 76
0222_05681_b.jpg 1 258 102 80 71
0222_05767_b.jpg 1 184 83 70 60
0222_07182_b.jpg 1 163 102 78 67
0222_07268_b.jpg 1 166 93 78 66
0222_08157_b.jpg 1 204 93 63 54
0223_04758_b.jpg 1 194 66 71 63
0223_05868_b.jpg 1 169 100 74 64
0223_06130_b.jpg 1 190 86 83 70
0223_07200_b.jpg 1 245 74 73 69
0224_01998_b.jpg 1 176 142 91 81
0224_04757_b.jpg 1 215 66 58 54
0224_04918_b.jpg 1 202 44 73 64
0224_07070_b.jpg 1 177 116 81 70
0225_01448_b.jpg 1 173 184 63 52
0225_01589_b.jpg 1 163 132 88 77
0225_05464_b.jpg 1 185 85 81 70
0225_06106_b.jpg 1 253 107 76 69
0225_06388_b.jpg 1 198 164 75 68
0225_06697_b.jpg 1 201 30 75 66
0226_01513_b.jpg 1 179 66 84 74
0226_06210_b.jpg 1 175 88 63 55
0227_06215_b.jpg 1 232 94 76 69
0227_06391_b.jpg 1 188 135 87 77
0227_07169_b.jpg 1 153 155 60 51
0227_08385_b.jpg 1 195 44 69 62
0228_01392_b.jpg 1 227 174 87 70
0228_01938_b.jpg 1 209 118 84 73
0228_08009_b.jpg 1 206 86 73 68
0229_04927_b.jpg 1 264 128 78 73
0229_05899_b.jpg 1 152 58 74 66
0231_04861_b.jpg 1 209 51 73 62
0231_08286_b.jpg 1 176 38 80 73
0232_07283_b.jpg 1 248 183 74 63
0233_02235_b.jpg 1 196 115 65 56
0233_04418_b.jpg 1 232 201 78 66
0234_02191_b.jpg 1 155 139 79 69
0235_00464_b.jpg 1 163 106 65 59
0235_06933_b.jpg 1 201 131 77 67
0236_02272_b.jpg 1 215 154 85 74
0236_04123_b.jpg 1 175 191 61 52
0236_08055_b.jpg 1 160 131 75 64
0236_08258_b.jpg 1 165 91 81 71
0237_04744_b.jpg 1 153 158 77 60
0237_04858_b.jpg 1 166 128 79 66
0237_08208_b.jpg 1 247 178 73 65
0238_00112_b.jpg 1 143 125 80 67
0238_01814_b.jpg 1 136 158 93 76
0238_01984_b.jpg 1 206 57 84 74
0238_03008_b.jpg 1 182 71 82 74
0238_04133_b.jpg 1 142 89 83 73
0238_06410_b.jpg 1 185 110 80 68
0239_01380_b.jpg 1 187 151 65 56
0239_04588_b.jpg 1 215 15 81 71
0239_04692_b.jpg 1 245 95 70 66
0239_04816_b.jpg 1 231 100 73 69
0239_05654_b.jpg 1 178 92 63 57
0239_05848_b.jpg 1 219 78 69 60
0239_05983_b.jpg 1 192 118 73 59
0239_06155_b.jpg 1 166 47 78 68
0240_06702_b.jpg 1 172 63 70 63
0241_02252_b.jpg 1 181 135 76 65
0241_04404_b.jpg 1 164 97 60 53
0241_04575_b.jpg 1 157 23 73 66
0241_05387_b.jpg 1 207 63 71 64
0241_06153_b.jpg 1 172 97 72 66
0241_08258_b.jpg 1 173 196 72 63
0242_01591_b.jpg 1 183 184 83 73
0242_04555_b.jpg 1 171 97 81 74
0242_06193_b.jpg 1 195 64 80 70
0242_07067_b.jpg 1 196 154 61 51
0242_08139_b.jpg 1 162 63 76 65
0243_04804_b.jpg 1 199 84 79 69
0243_04829_b.jpg 1 148 125 78 67
0243_05046_b.jpg 1 197 79 78 70
0243_05384_b.jpg 1 183 62 78 64
0243_05688_b.jpg 1 204 89 73 61
0243_06072_b.jpg 1 224 59 70 60
0243_06432_b.jpg 1 181 63 81 73
0243_07306_b.jpg 1 284 123 76 66
0243_08319_b.jpg 1 163 83 80 67
0244_04045_b.jpg 1 194 90 68 60
0244_05322_b.jpg 1 182 118 76 67
0244_05397_b.jpg 1 182 67 73 65
0244_06639_b.jpg 1 180 167 81 69
0245_00460_b.jpg 1 162 89 81 71
0245_04761_b.jpg 1 212 84 62 53
0245_05507_b.jpg 1 257 84 75 66
0245_06837_b.jpg 1 198 54 73 64
0246_01333_b.jpg 1 137 138 85 77
0246_02252_b.jpg 1 201 216 88 76
0246_04689_b.jpg 1 196 83 80 68
0246_05507_b.jpg 1 176 56 71 61
0247_04916_b.jpg 1 160 120 65 58
0247_06037_b.jpg 1 247 113 81 71
0247_06853_b.jpg 1 185 129 76 65
0247_08138_b.jpg 1 190 60 80 71
0248_01979_b.jpg 1 179 95 86 74
0248_02244_b.jpg 1 212 145 80 70
0248_08125_b.jpg 1 172 141 76 65
0249_00586_b.jpg 1 182 139 86 76
0249_00984_b.jpg 1 181 55 68 57
0249_02212_b.jpg 1 138 53 72 64
0249_04799_b.jpg 1 281 162 75 66
0249_05720_b.jpg 1 158 126 82 72
0249_06036_b.jpg 1 180 94 73 61
0249_07048_b.jpg 1 168 122 81 73
0249_08080_b.jpg 1 251 86 74 69
0249_08308_b.jpg 1 255 45 83 74
0249_08347_b.jpg 1 179 96 81 70
0250_02065_b.jpg 1 177 83 73 65
0250_04249_b.jpg 1 251 84 81 72
0250_04426_b.jpg 1 168 113 70 64
0250_06810_b.jpg 1 186 67 71 63
0250_07351_b.jpg 1 162 79 75 63
0251_04333_b.jpg 1 265 92 73 69
0251_05043_b.jpg 1 254 172 71 63
0251_06509_b.jpg 1 150 144 86 79
0251_07030_b.jpg 1 208 75 71 64
0252_01426_b.jpg 1 139 158 88 77
0252_06193_b.jpg 1 230 80 61 55
0253_01158_b.jpg 1 151 166 81 73
0253_04437_b.jpg 1 225 90 60 54
0253_05670_b.jpg 1 231 115 68 65
0253_05732_b.jpg 1 167 169 78 61
0253_05735_b.jpg 1 139 51 58 51
0253_05888_b.jpg 1 201 67 81 71
0254_05123_b.jpg 1 225 76 72 66
0254_05925_b.jpg 1 304 92 71 64
0254_08017_b.jpg 1 155 133 77 68
0256_04505_b.jpg 1 149 153 73 63
0256_04748_b.jpg 1 202 83 75 69
0256_05284_b.jpg 1 183 64 84 78
0256_06748_b.jpg 1 166 153 78 63
0256_06916_b.jpg 1 180 74 83 71
0256_07076_b.jpg 1 208 131 89 82
0256_08083_b.jpg 1 244 58 70 64
0257_03048_b.jpg 1 228 118 85 79
0257_04030_b.jpg 1 195 112 87 76
0257_04207_b.jpg 1 202 143 79 66
0257_04316_b.jpg 1 162 90 78 66
0257_04368_b.jpg 1 244 61 80 75
0257_05164_b.jpg 1 186 149 88 77
0257_06012_b.jpg 1 185 136 74 64
0258_00465_b.jpg 1 138 65 81 71
0258_04132_b.jpg 1 183 136 77 69
0258_05146_b.jpg 1 255 144 73 64
0258_05908_b.jpg 1 189 97 88 76
0258_06866_b.jpg 1 268 120 90 84
0258_07099_b.jpg 1 136 38 87 77
0259_00506_b.jpg 1 191 133 90 82
0259_02136_b.jpg 1 193 204 79 60
0259_04561_b.jpg 1 168 86 74 66
0259_05991_b.jpg 1 229 201 90 77
0259_06071_b.jpg 1 178 93 77 73
0300_05565_b.jpg 1 214 97 84 77
0300_06654_b.jpg 1 130 120 76 66
0300_06715_b.jpg 1 188 56 73 69
0300_07142_b.jpg 1 124 165 90 82
0300_07384_b.jpg 1 162 78 75 64
0300_08022_b.jpg 1 254 140 77 68
0301_01589_b.jpg 1 144 118 87 77
0301_02272_b.jpg 1 260 120 74 70
0301_04090_b.jpg 1 134 30 81 73
0301_06167_b.jpg 1 208 175 80 70
0301_06356_b.jpg 1 179 140 83 73
0301_06523_b.jpg 1 190 94 73 61
0302_00286_b.jpg 1 198 74 84 75
0302_05034_b.jpg 1 162 90 75 67
0302_07260_b.jpg 1 137 66 74 65
0302_08195_b.jpg 1 249 174 68 57
0302_08233_b.jpg 1 210 131 88 81
0302_08253_b.jpg 1 148 107 77 68
0303_01887_b.jpg 1 139 110 86 73
0303_06385_b.jpg 1 217 82 84 76
0303_06563_b.jpg 1 146 96 74 63
0303_06824_b.jpg 1 192 141 82 71
0303_07121_b.jpg 1 283 100 85 77
0304_04071_b.jpg 1 178 89 83 70
0304_04979_b.jpg 1 242 99 86 80
0304_06912_b.jpg 1 193 120 75 70
0304_07398_b.jpg 1 152 82 77 66
0305_01307_b.jpg 1 215 174 80 69
0305_04101_b.jpg 1 177 196 78 66
0305_06157_b.jpg 1 264 120 90 77
0305_08221_b.jpg 1 182 172 82 72
0305_08299_b.jpg 1 168 103 83 76
0306_04292_b.jpg 1 185 72 85 74
0306_05088_b.jpg 1 144 69 81 71
0306_05636_b.jpg 1 209 114 79 68
0306_07265_b.jpg 1 208 85 82 72
0306_07285_b.jpg 1 194 63 76 64
0307_04182_b.jpg 1 200 157 83 70
0307_04743_b.jpg 1 209 36 71 64
0307_05152_b.jpg 1 192 120 83 72
0307_05979_b.jpg 1 229 70 83 79
0307_06345_b.jpg 1 204 78 71 64
0308_01685_b.jpg 1 161 64 81 70
0308_06515_b.jpg 1 229 53 81 71
0308_06731_b.jpg 1 156 61 71 61
0308_06826_b.jpg 1 170 64 78 69
0308_06990_b.jpg 1 131 10 81 74
0309_05262_b.jpg 1 199 73 81 73
0309_06007_b.jpg 1 169 88 74 67
0310_05831_b.jpg 1 212 69 77 68
0310_06703_b.jpg 1 247 155 82 68
0311_04828_b.jpg 1 155 133 84 71
0311_05730_b.jpg 1 222 70 78 71
0311_05772_b.jpg 1 196 67 71 65
0311_06191_b.jpg 1 174 92 78 72
0311_08018_b.jpg 1 199 54 73 67
0311_08207_b.jpg 1 189 109 77 64
0312_00517_b.jpg 1 150 144 75 61
0312_05504_b.jpg 1 254 41 80 76
0312_05600_b.jpg 1 273 76 72 64
0313_04096_b.jpg 1 153 125 84 70
0313_04659_b.jpg 1 231 68 82 73
0313_05945_b.jpg 1 178 83 73 64
0313_06899_b.jpg 1 209 179 70 59
0313_07153_b.jpg 1 188 108 87 79
0314_05240_b.jpg 1 190 76 81 74
0314_06109_b.jpg 1 214 112 79 69
0315_04289_b.jpg 1 186 146 73 61
0315_06165_b.jpg 1 193 109 83 76
0316_04905_b.jpg 1 146 69 82 71
0316_05220_b.jpg 1 142 88 81 74
0316_06385_b.jpg 1 168 89 84 72
0316_06813_b.jpg 1 171 67 71 61
0317_04106_b.jpg 1 166 169 84 71
0317_04262_b.jpg 1 171 77 78 70
0317_08220_b.jpg 1 181 177 88 79
0318_05008_b.jpg 1 183 119 80 68
0318_06155_b.jpg 1 192 148 83 70
0319_06120_b.jpg 1 222 86 81 71
0319_08008_b.jpg 1 182 82 79 71
0319_08223_b.jpg 1 216 128 87 74
0320_04051_b.jpg 1 186 223 86 71
0320_04642_b.jpg 1 265 90 85 80
0320_05151_b.jpg 1 173 71 84 73
0320_05789_b.jpg 1 145 102 84 73
0320_07036_b.jpg 1 199 67 86 76
0321_02076_b.jpg 1 183 131 83 76
0321_07303_b.jpg 1 186 142 83 72
0321_08384_b.jpg 1 221 1 79 70
0322_05273_b.jpg 1 176 113 84 73
0322_05697_b.jpg 1 181 27 77 67
0323_01887_b.jpg 1 160 28 84 73
0323_05045_b.jpg 1 204 103 83 74
0323_05688_b.jpg 1 205 144 80 69
0323_06647_b.jpg 1 138 53 86 79
0324_00176_b.jpg 1 230 56 89 84
0324_05997_b.jpg 1 149 77 81 70
0324_06738_b.jpg 1 224 115 82 71
0324_06812_b.jpg 1 257 93 88 82
0325_00635_b.jpg 1 182 180 88 70
0325_01702_b.jpg 1 219 166 93 82
0325_06296_b.jpg 1 133 92 83 72
0325_06682_b.jpg 1 192 53 80 67
0326_05383_b.jpg 1 196 67 86 74
0326_05944_b.jpg 1 177 115 87 80
0326_06598_b.jpg 1 181 28 83 75
0326_07094_b.jpg 1 148 109 87 76
0326_08228_b.jpg 1 158 58 84 72
0327_00137_b.jpg 1 199 113 86 76
0327_06345_b.jpg 1 163 164 83 74
0327_06596_b.jpg 1 163 8 81 73
0327_07257_b.jpg 1 296 99 87 80
0329_05899_b.jpg 1 234 133 81 73
0330_06495_b.jpg 1 259 84 94 89
0330_06648_b.jpg 1 246 60 84 78
0330_06789_b.jpg 1 211 113 83 70
0331_01031_b.jpg 1 215 119 78 68
0331_05175_b.jpg 1 206 102 87 75
0331_05441_b.jpg 1 245 120 90 80
0332_01588_b.jpg 1 198 93 82 72
0332_05966_b.jpg 1 272 137 87 77
0332_06410_b.jpg 1 195 134 88 76
0332_06920_b.jpg 1 182 127 88 77
0333_00996_b.jpg 1 248 127 95 83
0333_04136_b.jpg 1 209 122 83 76
0333_05790_b.jpg 1 245 178 91 81
0334_05481_b.jpg 1 173 45 82 73
0334_05528_b.jpg 1 200 101 86 74
0334_06337_b.jpg 1 221 97 83 75
0335_00509_b.jpg 1 244 80 90 81
0335_04394_b.jpg 1 183 100 81 72
0335_04616_b.jpg 1 171 96 86 71
0335_06470_b.jpg 1 201 65 81 70
0335_06620_b.jpg 1 186 71 82 74
0336_04080_b.jpg 1 191 201 91 76
0336_04266_b.jpg 1 221 84 84 76
0336_04446_b.jpg 1 206 171 90 82
0336_06896_b.jpg 1 204 116 78 70
0336_06983_b.jpg 1 171 96 82 73
0337_05453_b.jpg 1 203 89 82 74
0338_05880_b.jpg 1 215 99 83 75
0338_07010_b.jpg 1 201 133 94 78
0339_02065_b.jpg 1 215 138 85 74
0339_06194_b.jpg 1 192 120 79 70
0339_06803_b.jpg 1 255 132 84 74
0339_08088_b.jpg 1 162 154 88 77
0340_04255_b.jpg 1 148 117 86 75
0340_05917_b.jpg 1 193 185 88 74
0340_08127_b.jpg 1 165 80 83 71
0341_04653_b.jpg 1 155 144 78 69
0341_06533_b.jpg 1 182 168 77 70
0342_05638_b.jpg 1 201 139 78 63
0343_02003_b.jpg 1 188 84 82 71
0343_04212_b.jpg 1 178 102 84 75
0343_05474_b.jpg 1 227 122 83 74
0344_04754_b.jpg 1 199 107 86 73
0345_00593_b.jpg 1 248 63 86 76
0346_06965_b.jpg 1 195 120 86 74
0348_08238_b.jpg 1 160 105 85 75
0349_00083_b.jpg 1 156 183 90 76
0350_06252_b.jpg 1 202 54 80 71
0350_08241_b.jpg 1 173 149 80 69
0351_00460_b.jpg 1 148 103 84 74
0351_06025_b.jpg 1 177 135 84 71
0352_04726_b.jpg 1 167 65 80 72
0353_07318_b.jpg 1 224 86 87 78
0354_08079_b.jpg 1 180 113 84 76
0355_04038_b.jpg 1 145 62 80 70
0355_06858_b.jpg 1 266 105 77 69
0356_04281_b.jpg 1 268 201 86 73
0356_04996_b.jpg 1 281 71 84 76
0356_05992_b.jpg 1 142 71 78 66
0356_06897_b.jpg 1 179 112 86 73
0357_04216_b.jpg 1 186 102 83 73
0357_04509_b.jpg 1 204 67 83 71
0358_01960_b.jpg 1 205 101 81 73
0358_04877_b.jpg 1 189 99 83 73
0358_06756_b.jpg 1 185 107 85 73
0359_01806_b.jpg 1 279 138 93 84
0359_01814_b.jpg 1 149 105 90 74
0400_05206_b.jpg 1 250 168 79 70
0400_05619_b.jpg 1 237 100 78 67
0400_06373_b.jpg 1 169 132 89 82
0401_05012_b.jpg 1 143 102 84 76
0401_06141_b.jpg 1 268 77 87 78
0401_06826_b.jpg 1 207 169 83 73
0402_04374_b.jpg 1 178 46 75 63
0403_07322_b.jpg 1 239 70 85 78
0403_08185_b.jpg 1 211 157 83 72
0404_00952_b.jpg 1 171 147 84 72
0405_04598_b.jpg 1 243 69 84 79
0405_04683_b.jpg 1 163 78 83 70
0405_04925_b.jpg 1 217 116 85 75
0405_05175_b.jpg 1 153 106 88 77
0405_06844_b.jpg 1 217 107 81 76
0407_05785_b.jpg 1 151 105 77 67
0407_06979_b.jpg 1 172 8 78 70
0408_01983_b.jpg 1 181 139 87 78
0408_04188_b.jpg 1 169 49 81 73
0408_04297_b.jpg 1 186 1 79 70
0408_04541_b.jpg 1 145 69 80 73
0408_06290_b.jpg 1 224 51 83 73
0408_06793_b.jpg 1 148 122 85 72
0409_05079_b.jpg 1 235 121 81 72
0409_06835_b.jpg 1 168 61 81 74
0409_08201_b.jpg 1 218 76 81 74
0410_04799_b.jpg 1 198 38 87 75
0410_05881_b.jpg 1 179 25 84 74
0411_00459_b.jpg 1 238 203 78 68
0411_04594_b.jpg 1 178 8 81 74
0411_05125_b.jpg 1 204 57 79 70
0412_05885_b.jpg 1 281 70 84 77
0412_06384_b.jpg 1 242 111 93 83
0412_06438_b.jpg 1 202 132 84 73
0413_02227_b.jpg 1 179 141 85 74
0413_04489_b.jpg 1 231 145 90 83
0415_00096_b.jpg 1 219 120 86 74
0415_05834_b.jpg 1 205 102 82 74
0415_06767_b.jpg 1 231 157 87 77
0416_05808_b.jpg 1 171 92 79 69
0416_06988_b.jpg 1 237 132 92 83
0416_08281_b.jpg 1 218 102 84 74
0417_04895_b.jpg 1 194 125 81 73
0417_06790_b.jpg 1 196 134 88 78
0417_07090_b.jpg 1 203 117 87 77
0418_00288_b.jpg 1 137 127 88 78
0418_05006_b.jpg 1 126 100 84 74
0418_06123_b.jpg 1 197 94 83 72
0419_04383_b.jpg 1 165 142 84 79
0419_05387_b.jpg 1 255 66 84 78
0420_01152_b.jpg 1 252 195 88 74
0420_04686_b.jpg 1 261 107 88 86
0420_05895_b.jpg 1 208 71 82 73
0420_06577_b.jpg 1 247 104 85 77
0420_08001_b.jpg 1 191 93 84 73
0421_04489_b.jpg 1 231 124 88 85
0421_05609_b.jpg 1 190 114 84 76
0421_08091_b.jpg 1 146 101 83 73
0421_08195_b.jpg 1 247 97 89 81
0422_05807_b.jpg 1 250 148 90 82
0423_04629_b.jpg 1 207 188 77 65
0424_04080_b.jpg 1 258 131 83 76
0424_06031_b.jpg 1 184 154 78 67
0424_07398_b.jpg 1 182 67 81 73
0425_04108_b.jpg 1 126 74 86 74
0425_04118_b.jpg 1 155 96 84 72
0425_04576_b.jpg 1 240 122 81 77
0425_05580_b.jpg 1 255 89 88 85
0425_07085_b.jpg 1 131 35 81 74
0425_07246_b.jpg 1 194 208 97 83
0427_05940_b.jpg 1 195 87 83 74
0427_07095_b.jpg 1 131 57 86 73
0427_08390_b.jpg 1 213 105 87 82
0428_04065_b.jpg 1 171 140 85 77
0428_04182_b.jpg 1 188 97 74 66
0428_04433_b.jpg 1 208 162 79 67
0428_04599_b.jpg 1 218 45 81 74
0428_05625_b.jpg 1 186 73 84 75
0428_05886_b.jpg 1 219 68 82 77
0428_06899_b.jpg 1 257 130 84 76
0428_08142_b.jpg 1 240 59 73 66
0429_01150_b.jpg 1 245 92 77 69
0429_04989_b.jpg 1 267 113 92 84
0429_05044_b.jpg 1 181 83 80 72
0429_05226_b.jpg 1 297 116 89 79
0429_05390_b.jpg 1 204 39 84 74
0429_07243_b.jpg 1 183 95 83 75
0429_08380_b.jpg 1 209 146 88 76
0430_01270_b.jpg 1 179 126 84 74
0430_04601_b.jpg 1 191 106 75 62
0430_04666_b.jpg 1 274 73 75 68
0430_06426_b.jpg 1 177 70 76 66
0430_08374_b.jpg 1 201 97 88 76
0431_05890_b.jpg 1 190 206 81 69
0432_05354_b.jpg 1 179 213 81 69
0432_05979_b.jpg 1 204 86 74 67
0432_06360_b.jpg 1 200 117 77 69
0432_08145_b.jpg 1 274 142 88 78
0433_04098_b.jpg 1 205 1 77 63
0434_04799_b.jpg 1 166 67 72 64
0434_05195_b.jpg 1 208 128 92 83
0435_01526_b.jpg 1 166 67 80 67
0435_02056_b.jpg 1 196 131 77 66
0436_01393_b.jpg 1 195 78 84 77
0437_04839_b.jpg 1 178 78 79 71
0437_05078_b.jpg 1 166 13 86 73
0438_05376_b.jpg 1 242 116 74 66
0438_05672_b.jpg 1 163 69 85 73
0438_05958_b.jpg 1 194 50 81 75
0438_06085_b.jpg 1 106 136 81 69
0438_08197_b.jpg 1 148 116 80 71
0439_04275_b.jpg 1 205 128 83 74
0439_06768_b.jpg 1 261 89 90 83
0440_04502_b.jpg 1 214 123 90 80
0440_04793_b.jpg 1 258 86 87 80
0440_05207_b.jpg 1 264 115 86 79
0440_06780_b.jpg 1 238 71 84 79
0440_08382_b.jpg 1 183 46 79 73
0441_02056_b.jpg 1 127 153 91 77
0441_04007_b.jpg 1 194 52 80 70
0442_00176_b.jpg 1 235 133 93 87
0442_05448_b.jpg 1 183 104 86 74
0443_04187_b.jpg 1 235 122 85 74
0443_04382_b.jpg 1 178 126 86 70
0444_00532_b.jpg 1 264 135 86 77
0444_08185_b.jpg 1 244 155 95 83
0445_04734_b.jpg 1 223 80 79 73
0445_06130_b.jpg 1 203 137 78 69
0446_04981_b.jpg 1 202 45 80 69
0446_06105_b.jpg 1 233 120 91 84
0448_08176_b.jpg 1 176 67 81 73
0449_04084_b.jpg 1 247 184 91 82
0449_05018_b.jpg 1 219 84 83 74
0450_02271_b.jpg 1 204 129 68 58
0450_05266_b.jpg 1 201 86 79 71
0450_05991_b.jpg 1 251 205 95 79
0450_06152_b.jpg 1 261 115 87 79
0450_06376_b.jpg 1 248 63 86 76
0451_07396_b.jpg 1 185 68 83 69
0451_08156_b.jpg 1 195 54 78 69
0452_02096_b.jpg 1 162 143 88 76
0452_05433_b.jpg 1 222 59 80 70
0452_06089_b.jpg 1 194 84 83 70
0453_05278_b.jpg 1 201 97 80 67
0453_05979_b.jpg 1 153 133 67 57
0455_02271_b.jpg 1 228 105 87 77
0455_06303_b.jpg 1 259 91 86 76
0455_08050_b.jpg 1 233 86 84 78
0456_04115_b.jpg 1 203 100 85 73
0456_06380_b.jpg 1 140 78 81 66
0457_06440_b.jpg 1 224 56 79 67
0457_08327_b.jpg 1 191 141 81 71
0458_04121_b.jpg 1 186 130 86 73
0458_04136_b.jpg 1 181 155 77 65
0458_05551_b.jpg 1 244 126 78 69
0459_04862_b.jpg 1 150 59 77 63
0459_05434_b.jpg 1 171 148 78 64
0459_05782_b.jpg 1 180 151 81 70
0459_05823_b.jpg 1 247 124 94 84
0459_07112_b.jpg 1 194 216 90 79
0500_06208_b.jpg 1 248 168 79 70
0500_06611_b.jpg 1 195 110 77 66
0500_08181_b.jpg 1 201 113 81 75
0501_05229_b.jpg 1 186 180 75 64
0501_05881_b.jpg 1 163 83 76 66
0501_06978_b.jpg 1 167 48 73 61
0502_04335_b.jpg 1 136 96 81 71
0502_05172_b.jpg 1 171 106 82 71
0502_05334_b.jpg 1 159 73 80 71
0502_05391_b.jpg 1 168 133 86 73
0502_06605_b.jpg 1 264 111 86 79
0503_05760_b.jpg 1 196 107 71 58
0503_06352_b.jpg 1 166 71 77 66
0504_01851_b.jpg 1 168 107 76 66
0504_05846_b.jpg 1 196 93 78 76
0504_06601_b.jpg 1 251 38 78 74
0504_06776_b.jpg 1 171 113 83 77
0505_00420_b.jpg 1 158 170 80 69
0505_04193_b.jpg 1 178 87 76 66
0505_04350_b.jpg 1 201 70 72 65
0505_04736_b.jpg 1 254 100 75 67
0505_04793_b.jpg 1 231 103 87 78
0505_04873_b.jpg 1 242 84 79 70
0505_05633_b.jpg 1 177 181 70 57
0505_05700_b.jpg 1 156 186 73 61
0505_06413_b.jpg 1 230 120 90 82
0505_06740_b.jpg 1 245 164 76 67
0505_06968_b.jpg 1 117 90 75 66
0506_02604_b.jpg 1 194 124 85 76
0506_05556_b.jpg 1 169 92 70 64
0506_06824_b.jpg 1 163 105 77 68
0506_07070_b.jpg 1 208 125 77 69
0507_00661_b.jpg 1 165 176 81 68
0507_06392_b.jpg 1 189 75 78 67
0507_08104_b.jpg 1 173 57 77 67
0508_04535_b.jpg 1 197 207 74 66
0508_05465_b.jpg 1 167 111 83 71
0508_06887_b.jpg 1 200 167 77 64
0508_07355_b.jpg 1 202 74 79 67
0508_07365_b.jpg 1 156 122 83 76
0509_01945_b.jpg 1 209 74 86 77
0509_04094_b.jpg 1 199 6 78 70
0510_05493_b.jpg 1 182 53 80 70
0510_05717_b.jpg 1 207 172 78 67
0510_06621_b.jpg 1 175 209 91 77
0510_07155_b.jpg 1 290 204 91 79
0511_02302_b.jpg 1 293 158 78 67
0511_04825_b.jpg 1 241 166 68 59
0511_05671_b.jpg 1 205 159 74 64
0511_05801_b.jpg 1 209 69 77 68
0511_05872_b.jpg 1 217 177 77 66
0511_07101_b.jpg 1 266 145 75 69
0512_04960_b.jpg 1 222 48 83 74
0512_05364_b.jpg 1 170 141 86 74
0512_05758_b.jpg 1 234 107 89 81
0512_06410_b.jpg 1 260 61 84 74
0512_08166_b.jpg 1 180 165 71 60
0512_08200_b.jpg 1 268 97 77 70
0513_06166_b.jpg 1 253 124 78 66
0513_06538_b.jpg 1 233 115 90 82
0513_08387_b.jpg 1 212 147 81 68
0514_04561_b.jpg 1 163 123 77 66
0514_04800_b.jpg 1 196 139 86 77
0514_06355_b.jpg 1 186 158 84 71
0514_06714_b.jpg 1 199 126 87 76
0514_08304_b.jpg 1 165 156 77 64
0515_01686_b.jpg 1 173 86 81 70
0515_07185_b.jpg 1 200 125 78 72
0516_04394_b.jpg 1 212 64 82 78
0516_06669_b.jpg 1 169 102 71 60
0516_08254_b.jpg 1 209 110 82 73
0516_08291_b.jpg 1 271 95 94 87
0517_05181_b.jpg 1 236 210 89 76
0517_05352_b.jpg 1 205 43 83 71
0518_04948_b.jpg 1 185 147 78 67
0518_05604_b.jpg 1 259 136 85 74
0518_07075_b.jpg 1 192 121 77 66
0518_08079_b.jpg 1 222 118 87 82
0519_00462_b.jpg 1 230 90 69 64
0519_02272_b.jpg 1 231 117 75 70
0519_05712_b.jpg 1 182 118 71 61
0520_00060_b.jpg 1 205 95 83 73
0520_04388_b.jpg 1 162 50 82 70
0520_04394_b.jpg 1 189 53 78 70
0520_05432_b.jpg 1 200 84 68 60
0520_05790_b.jpg 1 172 69 71 63
0520_06296_b.jpg 1 170 80 75 70
0520_07389_b.jpg 1 172 142 74 64
0521_04658_b.jpg 1 203 56 70 63
